proteomics
study - 10.1002/acn3.51990
coord
chr2	186590010	186680901	0.00000000000000000000000000000409572489606347
chr8	24950955	24956721	0.00000000000000000000000000002124176122663620
chr16	31259967	31332892	0.00000000000000000000002970970803680140000000
chr21	44885953	44931989	0.00000000000000001526311796638270000000000000
chr15	68296532	68432163	0.00000000000002344076421710660000000000000000
chr2	162170684	162245151	0.00000000000337138881960134000000000000000000
chr19	33386950	33521823	0.00000000000929635850919830000000000000000000
chr12	8123617	8138607	0.00000000004989695610198730000000000000000000
chr19	18782773	18791305	0.00000000008617336595786130000000000000000000
chr1	1352689	1361777	0.00000000008617336595786130000000000000000000
chr20	23875934	23879748	0.00000000008671720587165220000000000000000000
chr1	8945867	8975092	0.00000000020257690244242500000000000000000000
chr17	31272013	31297539	0.00000000020257690244242500000000000000000000
chr5	52989340	53094779	0.00000000051057563135159900000000000000000000
chr1	150257251	150265078	0.00000000065000957767569200000000000000000000
chr10	97865000	98030828	0.00000000150459363097315000000000000000000000
chr7	100889994	100896974	0.00000000277407923717146000000000000000000000
chr6	46159185	46170980	0.00000001496737914113170000000000000000000000
chr1	20589086	20618903	0.00000001901585099366390000000000000000000000
chr4	94298535	94342876	0.00000002977572037920410000000000000000000000
chr10	43077064	43130351	0.00000004174749874459500000000000000000000000
chr10	119651380	119677819	0.00000006315655499626300000000000000000000000
chr1	171635417	171652688	0.00000007443142952986270000000000000000000000
chr5	55102646	55110252	0.00000010628074929577400000000000000000000000
chr3	53846568	53865794	0.00000019546220647295700000000000000000000000
chr17	44903159	44916937	0.00000033953926854600700000000000000000000000
chr2	111898607	112029561	0.00000054719744943370100000000000000000000000
chr3	133746040	133796641	0.00000054719744943370100000000000000000000000
chr6	32041153	32115334	0.00000072773491258813300000000000000000000000
chr11	74696429	74731426	0.00000087660777755273300000000000000000000000
chr14	92923150	92935285	0.00000111465421197466000000000000000000000000
chr11	66314494	66317044	0.00000151478110394958000000000000000000000000
chr2	190055700	190062729	0.00000154173169507162000000000000000000000000
chr15	93035271	93089211	0.00000331997507971167000000000000000000000000
chr4	15960245	15969309	0.00000333203852402135000000000000000000000000
chr3	124761948	124901418	0.00000414818690486188000000000000000000000000
chr8	30678066	30727846	0.00000450662211267168000000000000000000000000
chr3	183122215	183163839	0.00000620804928878475000000000000000000000000
chr10	99396870	99430624	0.00000823162967082264000000000000000000000000
chr9	98943179	99070787	0.00001276686545427590000000000000000000000000
chr2	161992245	162074394	0.00001321362270994730000000000000000000000000
chr3	45001548	45036071	0.00001457941645951160000000000000000000000000
chr19	7763210	7769605	0.00001477468385847100000000000000000000000000
chr4	141636583	141733987	0.00001856313416893130000000000000000000000000
chr2	216632828	216664436	0.00002853510308997680000000000000000000000000
chr1	156641390	156659532	0.00003182508897706830000000000000000000000000
chr15	65381484	65422947	0.00003391835583213190000000000000000000000000
chr11	73675638	73761137	0.00003689905391214140000000000000000000000000
chr2	160099667	160271888	0.00006861168459344130000000000000000000000000
chr19	50958631	50969673	0.00007664449503733660000000000000000000000000
chr3	3799431	3849834	0.00007927355614863690000000000000000000000000
chr19	54643889	54670359	0.00008130064925457170000000000000000000000000
chr20	55997357	56005519	0.00012398937332790500000000000000000000000000
chr14	103519667	103522833	0.00013682234053939700000000000000000000000000
chr7	37905932	38025695	0.00014697407725712900000000000000000000000000
chr2	229357629	229714555	0.00016643594850997600000000000000000000000000
chr12	68248242	68253604	0.00016643594850997600000000000000000000000000
chr10	75094432	75109191	0.00018433117991955700000000000000000000000000
chr1	18107798	18378483	0.00018433117991955700000000000000000000000000
chr1	103553815	103579534	0.00020720190801202200000000000000000000000000
chr17	30248203	30292056	0.00020720190801202200000000000000000000000000
chr4	76011184	76114048	0.00024195716908011900000000000000000000000000
chr11	66563464	66568879	0.00025512447689732300000000000000000000000000
chr17	50464496	50468906	0.00026020036621002700000000000000000000000000
chr19	7739993	7747564	0.00030988591576158900000000000000000000000000
chr8	42374063	42377229	0.00045596171830856500000000000000000000000000
chr5	98768650	98798643	0.00048321718375196900000000000000000000000000
chr2	240435663	240468076	0.00059736261276711200000000000000000000000000
chr7	55019017	55211628	0.00062049249968054300000000000000000000000000
chr11	72189558	72196323	0.00063180281417281600000000000000000000000000
chr4	87821398	87846814	0.00067384357050964800000000000000000000000000
chr17	43940804	43942476	0.00071066230866501200000000000000000000000000
chr17	4948092	4957131	0.00078586241124436100000000000000000000000000
chr10	32887273	33005792	0.00078586241124436100000000000000000000000000
chr6	168441151	168673445	0.00078586241124436100000000000000000000000000
chr18	59220158	59230774	0.00079906550810311900000000000000000000000000
chr6	29941260	29949572	0.00079906550810311900000000000000000000000000
chr14	94462717	94479689	0.00079906550810311900000000000000000000000000
chr9	121207794	121332843	0.00087993753485024100000000000000000000000000
chr3	186660216	186678234	0.00087993753485024100000000000000000000000000
chr19	14380501	14408725	0.00089010443126226700000000000000000000000000
chr1	103617427	103625780	0.00089010443126226700000000000000000000000000
chr12	10372353	10391874	0.00112726337001187000000000000000000000000000
chr12	44508275	44921848	0.00119308377223957000000000000000000000000000
chr5	127290796	127465737	0.00120553140306426000000000000000000000000000
chrX	153861514	153886173	0.00138476519263282000000000000000000000000000
chr3	4303332	4317265	0.00138476519263282000000000000000000000000000
chr19	14732392	14778560	0.00140249928844323000000000000000000000000000
chr4	173384701	173406380	0.00181362201932561000000000000000000000000000
chr20	4721909	4728460	0.00192473668434250000000000000000000000000000
chr17	43014607	43025123	0.00207800719943571000000000000000000000000000
chr7	130266863	130289798	0.00259775530486878000000000000000000000000000
chr1	175315194	175743595	0.00272987089057906000000000000000000000000000
chr1	159800511	159816257	0.00286133312309137000000000000000000000000000
chr1	145719471	145739288	0.00297631475655860000000000000000000000000000
chr11	99020949	100358885	0.00366948572550388000000000000000000000000000
chr3	98795941	98901695	0.00388064787752974000000000000000000000000000
chr20	44584896	44652252	0.00389628220213508000000000000000000000000000
chrX	18989307	19122637	0.00412297133789837000000000000000000000000000
chr3	78597239	79767998	0.00438060883476252000000000000000000000000000
chr2	159768628	159798255	0.00444236763766615000000000000000000000000000
chr19	1505022	1513604	0.00548252374181091000000000000000000000000000
chr1	207880972	207911402	0.00548252374181091000000000000000000000000000
chr1	197038741	197067260	0.00568307530887140000000000000000000000000000
chr19	15159038	15200995	0.00585269809637965000000000000000000000000000
chr20	5911510	5925353	0.00594731147894727000000000000000000000000000
chr16	629239	634117	0.00598589693315713000000000000000000000000000
chr19	42428278	42442946	0.00606288123997021000000000000000000000000000
chr21	25639258	25717562	0.00659358589885944000000000000000000000000000
chr2	232378724	232382889	0.00673683178794991000000000000000000000000000
chr16	2771414	2777289	0.00695038560945866000000000000000000000000000
chr5	42423439	42721878	0.00699082998967366000000000000000000000000000
chr1	207496147	207641765	0.00703167150688283000000000000000000000000000
chr17	27629798	27649560	0.00703575214883508000000000000000000000000000
chr11	10556966	10611689	0.00714556954916240000000000000000000000000000
chr4	173168811	173323967	0.00732224878581987000000000000000000000000000
chr17	7558292	7561608	0.00732224878581987000000000000000000000000000
chr7	153748133	154894285	0.00855748238681326000000000000000000000000000
chr1	21822244	21937310	0.00861959058465118000000000000000000000000000
chr17	7074537	7080307	0.00876802350373975000000000000000000000000000
chr2	221418027	221574202	0.00876802350373975000000000000000000000000000
chr6	159169400	159272108	0.00876802350373975000000000000000000000000000
chr3	10285666	10292947	0.00876802350373975000000000000000000000000000
chr19	51055626	51065114	0.00876802350373975000000000000000000000000000
chr1	207321519	207386804	0.00971593669966073000000000000000000000000000
chr10	73909177	73917496	0.00971593669966073000000000000000000000000000
chr11	62433542	62556235	0.00981329825303454000000000000000000000000000
chr14	95709947	95714196	0.01000856136105750000000000000000000000000000
chr14	102922663	102933596	0.01013822524212320000000000000000000000000000
chr1	66797740	66801276	0.01013822524212320000000000000000000000000000
chr7	142941114	142962363	0.01013822524212320000000000000000000000000000
chr2	86784610	86808396	0.01023516218539720000000000000000000000000000
chr9	111549722	111599893	0.01023516218539720000000000000000000000000000
chr4	70655541	70681817	0.01089006287824010000000000000000000000000000
chr17	80466834	80477843	0.01089006287824010000000000000000000000000000
chr22	38818452	38844028	0.01255684526558050000000000000000000000000000
chr21	41304212	41357727	0.01279053201281080000000000000000000000000000
chr1	116574399	116667755	0.01279053201281080000000000000000000000000000
chr17	39063313	39154394	0.01279053201281080000000000000000000000000000
chr4	44682200	44726588	0.01370995392238870000000000000000000000000000
chr15	87859751	88256791	0.01370995392238870000000000000000000000000000
chr6	29657002	29672372	0.01386938227740500000000000000000000000000000
chr16	57372477	57385044	0.01393138005153260000000000000000000000000000
chrX	132626015	132961395	0.01456574743919660000000000000000000000000000
chr15	81159575	81314058	0.01456574743919660000000000000000000000000000
chr13	46125920	46211871	0.01456574743919660000000000000000000000000000
chr4	156760454	156971799	0.01456574743919660000000000000000000000000000
chr16	68245304	68261058	0.01456574743919660000000000000000000000000000
chr2	25160853	25168903	0.01456574743919660000000000000000000000000000
chr17	44248390	44268141	0.01456574743919660000000000000000000000000000
chr13	113297239	113323672	0.01570209355608600000000000000000000000000000
chr11	118133377	118152888	0.01586969541266620000000000000000000000000000
chr12	10845849	10849475	0.01596824976395370000000000000000000000000000
chr10	116545931	116567855	0.01627412891257780000000000000000000000000000
chr11	4384897	4393702	0.01756704687488590000000000000000000000000000
chr8	142740949	142742406	0.01783117511405820000000000000000000000000000
chr2	227805739	227817564	0.01821686586225790000000000000000000000000000
chr11	119415476	119424985	0.01830861635651980000000000000000000000000000
chr1	26019884	26036464	0.01917476428130760000000000000000000000000000
chr20	45174902	45176544	0.02003297906772300000000000000000000000000000
chr20	10172395	10308258	0.02019050817287220000000000000000000000000000
chr3	124905442	124953819	0.02021167959453040000000000000000000000000000
chr12	10069554	10111627	0.02085673060562660000000000000000000000000000
chr2	206443532	206621127	0.02307602101392110000000000000000000000000000
chrX	47623172	47630305	0.02414164165857900000000000000000000000000000
chr1	160796074	160828483	0.02477146671152130000000000000000000000000000
chr1	13474973	13514003	0.02517055231169720000000000000000000000000000
chr9	130444961	130501274	0.02535049851435550000000000000000000000000000
chr16	30472658	30523567	0.02535049851435550000000000000000000000000000
chr16	30423615	30430030	0.02599775853815070000000000000000000000000000
chr11	33703010	33736479	0.02605952273865970000000000000000000000000000
chr5	180590105	180591499	0.02605952273865970000000000000000000000000000
chr5	178208471	178232802	0.02629466307665050000000000000000000000000000
chr2	231921809	231926396	0.02643236736208120000000000000000000000000000
chr11	19182030	19210571	0.02645973847874760000000000000000000000000000
chr2	102311502	102352037	0.02876679380330420000000000000000000000000000
chr14	94561442	94593118	0.02876679380330420000000000000000000000000000
chr14	100725705	100738224	0.02983711650626680000000000000000000000000000
chr12	12326056	12350242	0.02983711650626680000000000000000000000000000
chr14	24606480	24609699	0.03060640693577090000000000000000000000000000
chr19	43646095	43670547	0.03060640693577090000000000000000000000000000
chr14	100800127	100842664	0.03060640693577090000000000000000000000000000
chr6	159669069	159762529	0.03079301736030770000000000000000000000000000
chr11	694438	727727	0.03079548853136840000000000000000000000000000
chr1	119911553	120100779	0.03159198121842050000000000000000000000000000
chr8	27869883	27992673	0.03180531935120550000000000000000000000000000
chr17	58218548	58268518	0.03236177067865960000000000000000000000000000
chr12	40692439	41072415	0.03238429017617080000000000000000000000000000
chr1	160830160	160862887	0.03292544281709690000000000000000000000000000
chr2	85685175	85698852	0.03349760132638890000000000000000000000000000
chr8	56436674	56446671	0.03349760132638890000000000000000000000000000
chr22	35380361	35394214	0.03383609171005740000000000000000000000000000
chr22	20774113	20787720	0.03416915107032280000000000000000000000000000
chr12	9827481	9845007	0.03438294758303220000000000000000000000000000
chr10	26438341	26568449	0.03574304391952270000000000000000000000000000
chr1	207088860	207099993	0.03578705594852700000000000000000000000000000
chr17	34285742	34288334	0.03578705594852700000000000000000000000000000
chr1	206008535	206023909	0.03578705594852700000000000000000000000000000
chr6	52791371	52803860	0.03578705594852700000000000000000000000000000
chr2	137964020	138016364	0.03578705594852700000000000000000000000000000
chr2	27086772	27100762	0.03578705594852700000000000000000000000000000
chr19	2785503	2815807	0.03578705594852700000000000000000000000000000
chr5	37812677	37840041	0.03720899872242020000000000000000000000000000
chr2	68178857	68256237	0.03810774856033910000000000000000000000000000
chr15	75674322	75712848	0.04009286475451320000000000000000000000000000
chr3	51983340	51989197	0.04059407439584820000000000000000000000000000
chr16	2682523	2709030	0.04094557258112090000000000000000000000000000
chr6	166922113	166957191	0.04096833031563770000000000000000000000000000
chr19	11574653	11579993	0.04105176488466150000000000000000000000000000
chr12	9594551	9607916	0.04105176488466150000000000000000000000000000
chr3	186613060	186621318	0.04157212446910090000000000000000000000000000
chr4	184088706	184221230	0.04212709740685480000000000000000000000000000
chr19	54094668	54102692	0.04469836533698880000000000000000000000000000
chr14	74498183	74612378	0.04527758092809600000000000000000000000000000
chr1	43525187	43623666	0.04527758092809600000000000000000000000000000
chr4	6693878	6697170	0.04527758092809600000000000000000000000000000
chr2	106093308	106194301	0.04564559256169850000000000000000000000000000
chr11	116835751	116837622	0.04664778292063000000000000000000000000000000
chr1	15456728	15472091	0.04674828416169610000000000000000000000000000
chr6	158765741	158819368	0.04674828416169610000000000000000000000000000
chr10	89327307	89377473	0.04674828416169610000000000000000000000000000
chr12	8637346	8662888	0.04790938967872630000000000000000000000000000
chrX	45148373	45200901	0.04822076330995820000000000000000000000000000
